8
M1,MM,Physics,Chemistry,English,CNDS,Drawing,EDC
Mahendar
45,45,45,45,45,45,45,45
Jan
45,12,54,78,45,74,86,45
Feb
65,48,77,98,14,56,74,84
Mar
85,65,74,87,78,47,45,84
April
45,74,84,65,74,84,74,15
May
87,48,74,87,45,74,87,48
June
87,74,87,47,86,87,48,74
July
54,78,45,74,84,74,65,84
Aug
84,12,54,12,45,15,41,54
Sept
41,54,74,86,23,51,45,84
Oct
45,65,74,84,47,85,48,74
Nov
84,75,65,78,48,74,54,45
Dec
65,85,48,74,56,75,48,63
Sachin
45,84,74,56,84,74,85,47
Dhoni
74,56,74,85,12,36,54,48
Kohli
65,41,53,65,48,45,74,12
Viray
65,41,52,35,14,25,14,56
Vinay
45,63,52,48,74,56,14,52
Raina
56,84,74,12,53,65,89,45
Jadeja
84,12,53,62,41,52,41,52
Lee
41,52,14,12,13,26,12,20
Ponting
35,15,45,62,5,74,85,24
Kin
65,12,45,23,54,42,51,54
Geek
45,12,36,54,78,12,45,63
Item
1,12,51,45,12,47,45,48
Item
1,1,1,1,1,1,1,1
TV
32,54,15,45,43,65,12,41
xys
41,52,41,52,41,54,4,4
nani
75,65,78,98,47,48,45,74
abhi
78,84,85,71,72,73,68,78
poojitha
85,74,51,52,56,35,14,74
navitha
74,15,25,95,41,35,32,15
divyanka
47,54,25,95,65,74,15,21
vennela
12,25,31,14,16,18,45,9
sneha
74,48,45,24,15,65,35,15
manoj
48,54,95,25,15,35,15,85
tulasi
74,84,95,15,35,45,65,15
srikanth
89,98,95,96,91,89,88,82
arjun
74,15,45,25,45,65,35,47
mahesh
75,58,65,45,95,12,85,35
nithin
85,74,25,65,14,95,35,74
sai
74,85,46,95,15,25,43,85
anirudh
85,45,65,75,25,95,35,45
nithya
75,58,95,65,25,45,35,85
karthik
75,48,65,25,48,35,68,78
kalyan
75,85,65,35,98,74,85,65
tharun
75,48,68,85,72,35,49,75
maneesha
15,25,35,16,64,15,25,45
prashanth
74,84,95,75,65,45,25,45
surya
85,74,96,81,82,83,84,5
ram
85,74,95,65,25,45,65,35
harsha
85,95,75,65,15,25,45,85
avinash
74,84,95,45,75,25,65,35
sunny
75,84,95,65,25,47,65,45
ragavendra
75,84,95,65,75,45,25,35
abhishiek
75,85,95,65,45,25,35,14
raja
74,58,95,64,35,15,42,1
Niranjan
75,75,75,75,75,75,75,75